Rate	100.00
Rate Tried	% Accepted	Rates - Dev	Rates - Tried	Rates - Accepted	Sample Ave Acceptance	Total Ave Acceptance	
1000	0.183000	5.000000	1000	0.183000	0.183000	0.266339	
1000	0.299000	3.517826	1000	0.299000	0.299000	0.269061	
1000	0.328000	3.517826	1000	0.328000	0.328000	0.273594	
1000	0.331000	3.517826	1000	0.331000	0.331000	0.277694	
1000	0.324000	3.517826	1000	0.324000	0.324000	0.280781	
1000	0.325000	3.517826	1000	0.325000	0.325000	0.283545	
1000	0.323000	3.517826	1000	0.323000	0.323000	0.285866	
1000	0.303000	3.517826	1000	0.303000	0.303000	0.286817	
1000	0.281000	3.517826	1000	0.281000	0.281000	0.286511	
1000	0.352000	3.517826	1000	0.352000	0.352000	0.289786	
1000	0.353000	3.517826	1000	0.353000	0.353000	0.292796	
1000	0.296000	3.517826	1000	0.296000	0.296000	0.292941	
1000	0.322000	3.517826	1000	0.322000	0.322000	0.294205	
1000	0.327000	3.517826	1000	0.327000	0.327000	0.295571	
1000	0.307000	3.517826	1000	0.307000	0.307000	0.296028	
1000	0.351000	3.517826	1000	0.351000	0.351000	0.298142	
1000	0.318000	3.517826	1000	0.318000	0.318000	0.298878	
1000	0.306000	3.517826	1000	0.306000	0.306000	0.299132	
1000	0.300000	3.517826	1000	0.300000	0.300000	0.299162	
1000	0.316000	3.517826	1000	0.316000	0.316000	0.299723	
1000	0.279000	3.517826	1000	0.279000	0.279000	0.299055	
1000	0.337000	3.517826	1000	0.337000	0.337000	0.300241	
1000	0.330000	3.517826	1000	0.330000	0.330000	0.301142	
1000	0.287000	3.517826	1000	0.287000	0.287000	0.300726	
1000	0.297000	3.517826	1000	0.297000	0.297000	0.300620	
1000	0.327000	3.517826	1000	0.327000	0.327000	0.301353	
1000	0.280000	3.517826	1000	0.280000	0.280000	0.300776	
1000	0.326000	3.517826	1000	0.326000	0.326000	0.301439	
1000	0.290000	3.517826	1000	0.290000	0.290000	0.301146	
1000	0.322000	3.517826	1000	0.322000	0.322000	0.301667	
1000	0.307000	3.517826	1000	0.307000	0.307000	0.301798	
1000	0.339000	3.517826	1000	0.339000	0.339000	0.302683	
1000	0.326000	3.517826	1000	0.326000	0.326000	0.303226	
1000	0.269000	3.517826	1000	0.269000	0.269000	0.302448	
1000	0.357000	3.517826	1000	0.357000	0.357000	0.303660	
1000	0.302000	3.517826	1000	0.302000	0.302000	0.303624	
1000	0.291000	3.517826	1000	0.291000	0.291000	0.303355	
1000	0.330000	3.517826	1000	0.330000	0.330000	0.303910	
1000	0.281000	3.517826	1000	0.281000	0.281000	0.303443	
1000	0.310000	3.517826	1000	0.310000	0.310000	0.303574	
1000	0.337000	3.517826	1000	0.337000	0.337000	0.304229	
1000	0.358000	3.517826	1000	0.358000	0.358000	0.305263	
1000	0.341000	3.517826	1000	0.341000	0.341000	0.305938	
1000	0.306000	3.517826	1000	0.306000	0.306000	0.305939	
1000	0.288000	3.517826	1000	0.288000	0.288000	0.305613	
1000	0.325000	3.517826	1000	0.325000	0.325000	0.305959	
1000	0.306000	3.517826	1000	0.306000	0.306000	0.305960	
1000	0.291000	3.517826	1000	0.291000	0.291000	0.305702	
1000	0.316000	3.517826	1000	0.316000	0.316000	0.305876	
1000	0.313000	3.517826	1000	0.313000	0.313000	0.305995	
1000	0.313000	3.517826	1000	0.313000	0.313000	0.306110	
1000	0.330000	3.517826	1000	0.330000	0.330000	0.306495	
1000	0.279000	3.517826	1000	0.279000	0.279000	0.306059	
1000	0.311000	3.517826	1000	0.311000	0.311000	0.306136	
1000	0.306000	3.517826	1000	0.306000	0.306000	0.306134	
1000	0.310000	3.517826	1000	0.310000	0.310000	0.306192	
1000	0.298000	3.517826	1000	0.298000	0.298000	0.306070	
1000	0.267000	3.517826	1000	0.267000	0.267000	0.305496	
1000	0.326000	3.517826	1000	0.326000	0.326000	0.305793	
1000	0.367000	3.517826	1000	0.367000	0.367000	0.306667	
1000	0.302000	3.517826	1000	0.302000	0.302000	0.306601	
1000	0.359000	3.517826	1000	0.359000	0.359000	0.307329	
1000	0.319000	3.517826	1000	0.319000	0.319000	0.307489	
1000	0.303000	3.517826	1000	0.303000	0.303000	0.307428	
1000	0.354000	3.517826	1000	0.354000	0.354000	0.308049	
1000	0.298000	3.517826	1000	0.298000	0.298000	0.307917	
1000	0.329000	3.517826	1000	0.329000	0.329000	0.308191	
1000	0.336000	3.517826	1000	0.336000	0.336000	0.308547	
1000	0.311000	3.517826	1000	0.311000	0.311000	0.308578	
1000	0.280000	3.517826	1000	0.280000	0.280000	0.308221	
1000	0.321000	3.517826	1000	0.321000	0.321000	0.308379	
1000	0.298000	3.517826	1000	0.298000	0.298000	0.308252	
1000	0.358000	3.517826	1000	0.358000	0.358000	0.308852	
1000	0.285000	3.517826	1000	0.285000	0.285000	0.308568	
1000	0.304000	3.517826	1000	0.304000	0.304000	0.308514	
1000	0.291000	3.517826	1000	0.291000	0.291000	0.308310	
1000	0.311000	3.517826	1000	0.311000	0.311000	0.308341	
1000	0.347000	3.517826	1000	0.347000	0.347000	0.308781	
1000	0.298000	3.517826	1000	0.298000	0.298000	0.308659	
1000	0.326000	3.517826	1000	0.326000	0.326000	0.308852	
1000	0.341000	3.517826	1000	0.341000	0.341000	0.309205	
1000	0.327000	3.517826	1000	0.327000	0.327000	0.309399	
1000	0.273000	3.517826	1000	0.273000	0.273000	0.309007	
1000	0.305000	3.517826	1000	0.305000	0.305000	0.308965	
1000	0.335000	3.517826	1000	0.335000	0.335000	0.309239	
1000	0.285000	3.517826	1000	0.285000	0.285000	0.308986	
1000	0.292000	3.517826	1000	0.292000	0.292000	0.308811	
1000	0.318000	3.517826	1000	0.318000	0.318000	0.308905	
1000	0.358000	3.517826	1000	0.358000	0.358000	0.309401	
1000	0.326000	3.517826	1000	0.326000	0.326000	0.309567	
1000	0.291000	3.517826	1000	0.291000	0.291000	0.309383	
1000	0.312000	3.517826	1000	0.312000	0.312000	0.309409	
1000	0.301000	3.517826	1000	0.301000	0.301000	0.309327	
1000	0.278000	3.517826	1000	0.278000	0.278000	0.309026	
1000	0.339000	3.517826	1000	0.339000	0.339000	0.309311	
1000	0.284000	3.517826	1000	0.284000	0.284000	0.309073	
1000	0.282000	3.517826	1000	0.282000	0.282000	0.308820	
1000	0.314000	3.517826	1000	0.314000	0.314000	0.308868	
1000	0.293000	3.517826	1000	0.293000	0.293000	0.308722	
1000	0.337000	3.517826	1000	0.337000	0.337000	0.308979	
1000	0.349000	3.517826	1000	0.349000	0.349000	0.309340	
1000	0.288000	3.517826	1000	0.288000	0.288000	0.309149	
1000	0.354000	3.517826	1000	0.354000	0.354000	0.309546	
1000	0.347000	3.517826	1000	0.347000	0.347000	0.309874	
1000	0.289000	3.517826	1000	0.289000	0.289000	0.309693	
1000	0.322000	3.517826	1000	0.322000	0.322000	0.309799	
1000	0.319000	3.517826	1000	0.319000	0.319000	0.309878	
1000	0.310000	3.517826	1000	0.310000	0.310000	0.309879	
1000	0.316000	3.517826	1000	0.316000	0.316000	0.309930	
1000	0.316000	3.517826	1000	0.316000	0.316000	0.309981	
1000	0.314000	3.517826	1000	0.314000	0.314000	0.310014	
1000	0.323000	3.517826	1000	0.323000	0.323000	0.310120	
1000	0.314000	3.517826	1000	0.314000	0.314000	0.310152	
1000	0.339000	3.517826	1000	0.339000	0.339000	0.310385	
1000	0.317000	3.517826	1000	0.317000	0.317000	0.310438	
1000	0.354000	3.517826	1000	0.354000	0.354000	0.310783	
1000	0.328000	3.517826	1000	0.328000	0.328000	0.310919	
1000	0.313000	3.517826	1000	0.313000	0.313000	0.310935	
1000	0.292000	3.517826	1000	0.292000	0.292000	0.310788	
1000	0.316000	3.517826	1000	0.316000	0.316000	0.310828	
1000	0.353000	3.517826	1000	0.353000	0.353000	0.311150	
1000	0.361000	3.517826	1000	0.361000	0.361000	0.311528	
1000	0.334000	3.517826	1000	0.334000	0.334000	0.311697	
1000	0.338000	3.517826	1000	0.338000	0.338000	0.311893	
1000	0.333000	3.517826	1000	0.333000	0.333000	0.312050	
1000	0.338000	3.517826	1000	0.338000	0.338000	0.312240	
1000	0.323000	3.517826	1000	0.323000	0.323000	0.312319	
1000	0.322000	3.517826	1000	0.322000	0.322000	0.312389	
1000	0.266000	3.517826	1000	0.266000	0.266000	0.312055	
1000	0.313000	3.517826	1000	0.313000	0.313000	0.312062	
1000	0.334000	3.517826	1000	0.334000	0.334000	0.312218	
1000	0.337000	3.517826	1000	0.337000	0.337000	0.312392	
1000	0.295000	3.517826	1000	0.295000	0.295000	0.312271	
1000	0.310000	3.517826	1000	0.310000	0.310000	0.312255	
1000	0.306000	3.517826	1000	0.306000	0.306000	0.312212	
1000	0.287000	3.517826	1000	0.287000	0.287000	0.312039	
1000	0.313000	3.517826	1000	0.313000	0.313000	0.312045	
1000	0.324000	3.517826	1000	0.324000	0.324000	0.312126	
1000	0.272000	3.517826	1000	0.272000	0.272000	0.311857	
1000	0.293000	3.517826	1000	0.293000	0.293000	0.311731	
1000	0.300000	3.517826	1000	0.300000	0.300000	0.311654	
1000	0.272000	3.517826	1000	0.272000	0.272000	0.311393	
1000	0.318000	3.517826	1000	0.318000	0.318000	0.311436	
1000	0.311000	3.517826	1000	0.311000	0.311000	0.311433	
1000	0.280000	3.517826	1000	0.280000	0.280000	0.311230	
1000	0.308000	3.517826	1000	0.308000	0.308000	0.311210	
1000	0.300000	3.517826	1000	0.300000	0.300000	0.311138	
1000	0.310000	3.517826	1000	0.310000	0.310000	0.311131	
1000	0.279000	3.517826	1000	0.279000	0.279000	0.310929	
1000	0.320000	3.517826	1000	0.320000	0.320000	0.310986	
1000	0.311000	3.517826	1000	0.311000	0.311000	0.310986	
1000	0.295000	3.517826	1000	0.295000	0.295000	0.310887	
1000	0.309000	3.517826	1000	0.309000	0.309000	0.310875	
1000	0.322000	3.517826	1000	0.322000	0.322000	0.310943	
1000	0.336000	3.517826	1000	0.336000	0.336000	0.311095	
1000	0.310000	3.517826	1000	0.310000	0.310000	0.311088	
1000	0.320000	3.517826	1000	0.320000	0.320000	0.311142	
1000	0.323000	3.517826	1000	0.323000	0.323000	0.311212	
1000	0.311000	3.517826	1000	0.311000	0.311000	0.311211	
1000	0.330000	3.517826	1000	0.330000	0.330000	0.311322	
1000	0.298000	3.517826	1000	0.298000	0.298000	0.311244	
1000	0.328000	3.517826	1000	0.328000	0.328000	0.311341	
1000	0.311000	3.517826	1000	0.311000	0.311000	0.311339	
1000	0.318000	3.517826	1000	0.318000	0.318000	0.311378	
1000	0.323000	3.517826	1000	0.323000	0.323000	0.311444	
1000	0.267000	3.517826	1000	0.267000	0.267000	0.311191	
1000	0.318000	3.517826	1000	0.318000	0.318000	0.311230	
1000	0.294000	3.517826	1000	0.294000	0.294000	0.311133	
1000	0.323000	3.517826	1000	0.323000	0.323000	0.311199	
1000	0.321000	3.517826	1000	0.321000	0.321000	0.311254	
1000	0.340000	3.517826	1000	0.340000	0.340000	0.311413	
1000	0.313000	3.517826	1000	0.313000	0.313000	0.311421	
1000	0.289000	3.517826	1000	0.289000	0.289000	0.311299	
1000	0.316000	3.517826	1000	0.316000	0.316000	0.311324	
1000	0.318000	3.517826	1000	0.318000	0.318000	0.311360	
1000	0.301000	3.517826	1000	0.301000	0.301000	0.311305	
1000	0.312000	3.517826	1000	0.312000	0.312000	0.311308	
1000	0.336000	3.517826	1000	0.336000	0.336000	0.311440	
1000	0.294000	3.517826	1000	0.294000	0.294000	0.311348	
1000	0.281000	3.517826	1000	0.281000	0.281000	0.311188	
1000	0.296000	3.517826	1000	0.296000	0.296000	0.311108	
1000	0.296000	3.517826	1000	0.296000	0.296000	0.311030	
1000	0.288000	3.517826	1000	0.288000	0.288000	0.310910	
1000	0.308000	3.517826	1000	0.308000	0.308000	0.310895	
1000	0.356000	3.517826	1000	0.356000	0.356000	0.311127	
1000	0.312000	3.517826	1000	0.312000	0.312000	0.311131	
1000	0.330000	3.517826	1000	0.330000	0.330000	0.311227	
1000	0.293000	3.517826	1000	0.293000	0.293000	0.311135	
1000	0.323000	3.517826	1000	0.323000	0.323000	0.311194	
1000	0.313000	3.517826	1000	0.313000	0.313000	0.311203	
1000	0.374000	3.517826	1000	0.374000	0.374000	0.311516	
1000	0.318000	3.517826	1000	0.318000	0.318000	0.311548	
1000	0.319000	3.517826	1000	0.319000	0.319000	0.311585	
1000	0.313000	3.517826	1000	0.313000	0.313000	0.311592	
1000	0.360000	3.517826	1000	0.360000	0.360000	0.311828	
1000	0.334000	3.517826	1000	0.334000	0.334000	0.311935	
1000	0.338000	3.517826	1000	0.338000	0.338000	0.312061	
1000	0.286000	3.517826	1000	0.286000	0.286000	0.311936	
1000	0.335000	3.517826	1000	0.335000	0.335000	0.312046	
1000	0.316000	3.517826	1000	0.316000	0.316000	0.312065	
1000	0.320000	3.517826	1000	0.320000	0.320000	0.312103	
1000	0.328000	3.517826	1000	0.328000	0.328000	0.312178	
1000	0.314000	3.517826	1000	0.314000	0.314000	0.312186	
1000	0.304000	3.517826	1000	0.304000	0.304000	0.312148	
1000	0.275000	3.517826	1000	0.275000	0.275000	0.311975	
1000	0.325000	3.517826	1000	0.325000	0.325000	0.312036	
1000	0.301000	3.517826	1000	0.301000	0.301000	0.311985	
1000	0.340000	3.517826	1000	0.340000	0.340000	0.312113	
1000	0.332000	3.517826	1000	0.332000	0.332000	0.312204	
1000	0.328000	3.517826	1000	0.328000	0.328000	0.312276	
1000	0.333000	3.517826	1000	0.333000	0.333000	0.312370	
1000	0.288000	3.517826	1000	0.288000	0.288000	0.312260	
1000	0.290000	3.517826	1000	0.290000	0.290000	0.312160	
1000	0.303000	3.517826	1000	0.303000	0.303000	0.312119	
1000	0.329000	3.517826	1000	0.329000	0.329000	0.312194	
1000	0.349000	3.517826	1000	0.349000	0.349000	0.312357	
1000	0.365000	3.517826	1000	0.365000	0.365000	0.312589	
1000	0.323000	3.517826	1000	0.323000	0.323000	0.312635	
1000	0.339000	3.517826	1000	0.339000	0.339000	0.312750	
1000	0.339000	3.517826	1000	0.339000	0.339000	0.312864	
1000	0.294000	3.517826	1000	0.294000	0.294000	0.312782	
1000	0.289000	3.517826	1000	0.289000	0.289000	0.312680	
1000	0.326000	3.517826	1000	0.326000	0.326000	0.312737	
1000	0.297000	3.517826	1000	0.297000	0.297000	0.312670	
1000	0.310000	3.517826	1000	0.310000	0.310000	0.312658	
1000	0.308000	3.517826	1000	0.308000	0.308000	0.312639	
1000	0.348000	3.517826	1000	0.348000	0.348000	0.312788	
1000	0.272000	3.517826	1000	0.272000	0.272000	0.312616	
1000	0.286000	3.517826	1000	0.286000	0.286000	0.312505	
1000	0.311000	3.517826	1000	0.311000	0.311000	0.312499	
1000	0.309000	3.517826	1000	0.309000	0.309000	0.312484	
1000	0.336000	3.517826	1000	0.336000	0.336000	0.312581	
1000	0.335000	3.517826	1000	0.335000	0.335000	0.312674	
1000	0.310000	3.517826	1000	0.310000	0.310000	0.312663	
1000	0.319000	3.517826	1000	0.319000	0.319000	0.312689	
1000	0.348000	3.517826	1000	0.348000	0.348000	0.312832	
1000	0.319000	3.517826	1000	0.319000	0.319000	0.312857	
1000	0.288000	3.517826	1000	0.288000	0.288000	0.312757	
1000	0.318000	3.517826	1000	0.318000	0.318000	0.312778	
1000	0.326000	3.517826	1000	0.326000	0.326000	0.312831	
1000	0.340000	3.517826	1000	0.340000	0.340000	0.312939	
1000	0.349000	3.517826	1000	0.349000	0.349000	0.313082	
1000	0.277000	3.517826	1000	0.277000	0.277000	0.312939	
1000	0.248000	3.517826	1000	0.248000	0.248000	0.312684	
1000	0.300000	3.517826	1000	0.300000	0.300000	0.312634	
1000	0.302000	3.517826	1000	0.302000	0.302000	0.312593	
1000	0.283000	3.517826	1000	0.283000	0.283000	0.312477	
1000	0.301000	3.517826	1000	0.301000	0.301000	0.312433	
1000	0.310000	3.517826	1000	0.310000	0.310000	0.312424	
1000	0.295000	3.517826	1000	0.295000	0.295000	0.312356	
1000	0.280000	3.517826	1000	0.280000	0.280000	0.312233	
1000	0.335000	3.517826	1000	0.335000	0.335000	0.312319	
1000	0.307000	3.517826	1000	0.307000	0.307000	0.312299	
1000	0.356000	3.517826	1000	0.356000	0.356000	0.312465	
1000	0.313000	3.517826	1000	0.313000	0.313000	0.312467	
1000	0.320000	3.517826	1000	0.320000	0.320000	0.312495	
1000	0.305000	3.517826	1000	0.305000	0.305000	0.312467	
1000	0.325000	3.517826	1000	0.325000	0.325000	0.312514	
1000	0.304000	3.517826	1000	0.304000	0.304000	0.312482	
1000	0.325000	3.517826	1000	0.325000	0.325000	0.312528	
1000	0.293000	3.517826	1000	0.293000	0.293000	0.312456	
1000	0.322000	3.517826	1000	0.322000	0.322000	0.312491	
1000	0.300000	3.517826	1000	0.300000	0.300000	0.312446	
1000	0.347000	3.517826	1000	0.347000	0.347000	0.312572	
1000	0.303000	3.517826	1000	0.303000	0.303000	0.312537	
1000	0.293000	3.517826	1000	0.293000	0.293000	0.312466	
1000	0.312000	3.517826	1000	0.312000	0.312000	0.312465	
1000	0.331000	3.517826	1000	0.331000	0.331000	0.312531	
1000	0.325000	3.517826	1000	0.325000	0.325000	0.312576	
1000	0.326000	3.517826	1000	0.326000	0.326000	0.312624	
1000	0.342000	3.517826	1000	0.342000	0.342000	0.312728	
1000	0.321000	3.517826	1000	0.321000	0.321000	0.312758	
1000	0.350000	3.517826	1000	0.350000	0.350000	0.312889	
1000	0.375000	3.517826	1000	0.375000	0.375000	0.313108	
1000	0.300000	3.517826	1000	0.300000	0.300000	0.313062	
1000	0.311000	3.517826	1000	0.311000	0.311000	0.313055	
1000	0.337000	3.517826	1000	0.337000	0.337000	0.313138	
1000	0.298000	3.517826	1000	0.298000	0.298000	0.313086	
1000	0.340000	3.517826	1000	0.340000	0.340000	0.313179	
1000	0.308000	3.517826	1000	0.308000	0.308000	0.313161	
1000	0.298000	3.517826	1000	0.298000	0.298000	0.313109	
1000	0.314000	3.517826	1000	0.314000	0.314000	0.313112	
1000	0.329000	3.517826	1000	0.329000	0.329000	0.313166	
1000	0.332000	3.517826	1000	0.332000	0.332000	0.313230	
1000	0.335000	3.517826	1000	0.335000	0.335000	0.313304	
1000	0.315000	3.517826	1000	0.315000	0.315000	0.313310	
1000	0.333000	3.517826	1000	0.333000	0.333000	0.313376	
1000	0.319000	3.517826	1000	0.319000	0.319000	0.313395	
1000	0.350000	3.517826	1000	0.350000	0.350000	0.313517	
1000	0.303000	3.517826	1000	0.303000	0.303000	0.313482	
1000	0.307000	3.517826	1000	0.307000	0.307000	0.313461	
1000	0.289000	3.517826	1000	0.289000	0.289000	0.313380	
1000	0.346000	3.517826	1000	0.346000	0.346000	0.313487	
1000	0.323000	3.517826	1000	0.323000	0.323000	0.313519	
1000	0.300000	3.517826	1000	0.300000	0.300000	0.313474	
1000	0.316000	3.517826	1000	0.316000	0.316000	0.313483	
1000	0.288000	3.517826	1000	0.288000	0.288000	0.313400	
1000	0.282000	3.517826	1000	0.282000	0.282000	0.313298	
1000	0.296000	3.517826	1000	0.296000	0.296000	0.313242	
1000	0.341000	3.517826	1000	0.341000	0.341000	0.313331	
1000	0.299000	3.517826	1000	0.299000	0.299000	0.313285	
1000	0.325000	3.517826	1000	0.325000	0.325000	0.313323	
1000	0.298000	3.517826	1000	0.298000	0.298000	0.313274	
1000	0.324000	3.517826	1000	0.324000	0.324000	0.313308	
1000	0.310000	3.517826	1000	0.310000	0.310000	0.313297	
1000	0.309000	3.517826	1000	0.309000	0.309000	0.313284	
1000	0.340000	3.517826	1000	0.340000	0.340000	0.313368	
1000	0.292000	3.517826	1000	0.292000	0.292000	0.313301	
1000	0.313000	3.517826	1000	0.313000	0.313000	0.313300	
1000	0.302000	3.517826	1000	0.302000	0.302000	0.313265	
1000	0.297000	3.517826	1000	0.297000	0.297000	0.313214	
1000	0.297000	3.517826	1000	0.297000	0.297000	0.313164	
1000	0.320000	3.517826	1000	0.320000	0.320000	0.313185	
1000	0.315000	3.517826	1000	0.315000	0.315000	0.313190	
1000	0.362000	3.517826	1000	0.362000	0.362000	0.313341	
1000	0.292000	3.517826	1000	0.292000	0.292000	0.313275	
1000	0.316000	3.517826	1000	0.316000	0.316000	0.313283	
1000	0.257000	3.517826	1000	0.257000	0.257000	0.313112	
1000	0.283000	3.517826	1000	0.283000	0.283000	0.313020	
1000	0.330000	3.517826	1000	0.330000	0.330000	0.313072	
1000	0.312000	3.517826	1000	0.312000	0.312000	0.313069	
1000	0.301000	3.517826	1000	0.301000	0.301000	0.313032	
1000	0.330000	3.517826	1000	0.330000	0.330000	0.313083	
1000	0.322000	3.517826	1000	0.322000	0.322000	0.313110	
1000	0.306000	3.517826	1000	0.306000	0.306000	0.313089	
1000	0.331000	3.517826	1000	0.331000	0.331000	0.313142	
1000	0.383000	3.517826	1000	0.383000	0.383000	0.313349	
1000	0.337000	3.517826	1000	0.337000	0.337000	0.313419	
1000	0.310000	3.517826	1000	0.310000	0.310000	0.313409	
1000	0.319000	3.517826	1000	0.319000	0.319000	0.313426	
1000	0.321000	3.517826	1000	0.321000	0.321000	0.313448	
1000	0.284000	3.517826	1000	0.284000	0.284000	0.313362	
1000	0.303000	3.517826	1000	0.303000	0.303000	0.313331	
1000	0.297000	3.517826	1000	0.297000	0.297000	0.313284	
1000	0.318000	3.517826	1000	0.318000	0.318000	0.313298	
1000	0.293000	3.517826	1000	0.293000	0.293000	0.313239	
1000	0.338000	3.517826	1000	0.338000	0.338000	0.313310	
1000	0.280000	3.517826	1000	0.280000	0.280000	0.313215	
1000	0.300000	3.517826	1000	0.300000	0.300000	0.313177	
1000	0.314000	3.517826	1000	0.314000	0.314000	0.313179	
1000	0.307000	3.517826	1000	0.307000	0.307000	0.313162	
1000	0.342000	3.517826	1000	0.342000	0.342000	0.313243	
1000	0.325000	3.517826	1000	0.325000	0.325000	0.313277	
1000	0.292000	3.517826	1000	0.292000	0.292000	0.313217	
1000	0.305000	3.517826	1000	0.305000	0.305000	0.313193	
1000	0.312000	3.517826	1000	0.312000	0.312000	0.313190	
1000	0.306000	3.517826	1000	0.306000	0.306000	0.313170	
1000	0.326000	3.517826	1000	0.326000	0.326000	0.313206	
1000	0.379000	3.517826	1000	0.379000	0.379000	0.313389	
1000	0.322000	3.517826	1000	0.322000	0.322000	0.313413	
1000	0.282000	3.517826	1000	0.282000	0.282000	0.313326	
1000	0.337000	3.517826	1000	0.337000	0.337000	0.313391	
1000	0.295000	3.517826	1000	0.295000	0.295000	0.313341	
1000	0.336000	3.517826	1000	0.336000	0.336000	0.313403	
1000	0.238000	3.517826	1000	0.238000	0.238000	0.313196	
1000	0.339000	3.517826	1000	0.339000	0.339000	0.313267	
1000	0.277000	3.517826	1000	0.277000	0.277000	0.313168	
1000	0.303000	3.517826	1000	0.303000	0.303000	0.313140	
1000	0.306000	3.517826	1000	0.306000	0.306000	0.313121	
1000	0.331000	3.517826	1000	0.331000	0.331000	0.313169	
1000	0.301000	3.517826	1000	0.301000	0.301000	0.313137	
1000	0.306000	3.517826	1000	0.306000	0.306000	0.313117	
1000	0.313000	3.517826	1000	0.313000	0.313000	0.313117	
1000	0.332000	3.517826	1000	0.332000	0.332000	0.313168	
1000	0.290000	3.517826	1000	0.290000	0.290000	0.313106	
1000	0.356000	3.517826	1000	0.356000	0.356000	0.313220	
1000	0.302000	3.517826	1000	0.302000	0.302000	0.313190	
1000	0.333000	3.517826	1000	0.333000	0.333000	0.313243	
1000	0.337000	3.517826	1000	0.337000	0.337000	0.313305	
1000	0.323000	3.517826	1000	0.323000	0.323000	0.313331	
1000	0.345000	3.517826	1000	0.345000	0.345000	0.313414	
1000	0.309000	3.517826	1000	0.309000	0.309000	0.313402	
1000	0.308000	3.517826	1000	0.308000	0.308000	0.313388	
1000	0.304000	3.517826	1000	0.304000	0.304000	0.313364	
1000	0.325000	3.517826	1000	0.325000	0.325000	0.313394	
1000	0.343000	3.517826	1000	0.343000	0.343000	0.313471	
1000	0.300000	3.517826	1000	0.300000	0.300000	0.313436	
1000	0.339000	3.517826	1000	0.339000	0.339000	0.313502	
1000	0.300000	3.517826	1000	0.300000	0.300000	0.313467	
1000	0.323000	3.517826	1000	0.323000	0.323000	0.313492	
1000	0.299000	3.517826	1000	0.299000	0.299000	0.313454	
1000	0.327000	3.517826	1000	0.327000	0.327000	0.313489	
1000	0.322000	3.517826	1000	0.322000	0.322000	0.313511	
1000	0.312000	3.517826	1000	0.312000	0.312000	0.313507	
1000	0.312000	3.517826	1000	0.312000	0.312000	0.313503	
1000	0.301000	3.517826	1000	0.301000	0.301000	0.313471	
1000	0.306000	3.517826	1000	0.306000	0.306000	0.313453	
1000	0.331000	3.517826	1000	0.331000	0.331000	0.313497	
1000	0.289000	3.517826	1000	0.289000	0.289000	0.313435	
1000	0.281000	3.517826	1000	0.281000	0.281000	0.313354	
1000	0.317000	3.517826	1000	0.317000	0.317000	0.313363	
1000	0.300000	3.517826	1000	0.300000	0.300000	0.313330	
1000	0.292000	3.517826	1000	0.292000	0.292000	0.313277	
1000	0.316000	3.517826	1000	0.316000	0.316000	0.313284	
1000	0.330000	3.517826	1000	0.330000	0.330000	0.313325	
1000	0.328000	3.517826	1000	0.328000	0.328000	0.313361	
1000	0.305000	3.517826	1000	0.305000	0.305000	0.313341	
1000	0.300000	3.517826	1000	0.300000	0.300000	0.313308	
1000	0.311000	3.517826	1000	0.311000	0.311000	0.313302	
1000	0.269000	3.517826	1000	0.269000	0.269000	0.313194	
1000	0.305000	3.517826	1000	0.305000	0.305000	0.313174	
1000	0.340000	3.517826	1000	0.340000	0.340000	0.313240	
1000	0.288000	3.517826	1000	0.288000	0.288000	0.313178	
1000	0.324000	3.517826	1000	0.324000	0.324000	0.313205	
1000	0.348000	3.517826	1000	0.348000	0.348000	0.313288	
1000	0.340000	3.517826	1000	0.340000	0.340000	0.313353	
1000	0.318000	3.517826	1000	0.318000	0.318000	0.313364	
1000	0.311000	3.517826	1000	0.311000	0.311000	0.313358	
1000	0.308000	3.517826	1000	0.308000	0.308000	0.313345	
1000	0.296000	3.517826	1000	0.296000	0.296000	0.313304	
1000	0.313000	3.517826	1000	0.313000	0.313000	0.313303	
1000	0.354000	3.517826	1000	0.354000	0.354000	0.313400	
1000	0.331000	3.517826	1000	0.331000	0.331000	0.313441	
1000	0.266000	3.517826	1000	0.266000	0.266000	0.313329	
1000	0.263000	3.517826	1000	0.263000	0.263000	0.313211	
1000	0.296000	3.517826	1000	0.296000	0.296000	0.313171	
1000	0.315000	3.517826	1000	0.315000	0.315000	0.313175	
1000	0.310000	3.517826	1000	0.310000	0.310000	0.313167	
1000	0.299000	3.517826	1000	0.299000	0.299000	0.313134	
1000	0.289000	3.517826	1000	0.289000	0.289000	0.313078	
1000	0.283000	3.517826	1000	0.283000	0.283000	0.313009	
1000	0.278000	3.517826	1000	0.278000	0.278000	0.312928	
1000	0.361000	3.517826	1000	0.361000	0.361000	0.313039	
1000	0.373000	3.517826	1000	0.373000	0.373000	0.313177	
1000	0.301000	3.517826	1000	0.301000	0.301000	0.313149	
1000	0.328000	3.517826	1000	0.328000	0.328000	0.313183	
1000	0.333000	3.517826	1000	0.333000	0.333000	0.313228	
1000	0.326000	3.517826	1000	0.326000	0.326000	0.313257	
1000	0.265000	3.517826	1000	0.265000	0.265000	0.313147	
1000	0.308000	3.517826	1000	0.308000	0.308000	0.313136	
1000	0.330000	3.517826	1000	0.330000	0.330000	0.313174	
1000	0.273000	3.517826	1000	0.273000	0.273000	0.313083	
1000	0.325000	3.517826	1000	0.325000	0.325000	0.313110	
1000	0.307000	3.517826	1000	0.307000	0.307000	0.313096	
1000	0.304000	3.517826	1000	0.304000	0.304000	0.313076	
1000	0.320000	3.517826	1000	0.320000	0.320000	0.313091	
1000	0.321000	3.517826	1000	0.321000	0.321000	0.313109	
1000	0.339000	3.517826	1000	0.339000	0.339000	0.313167	
1000	0.305000	3.517826	1000	0.305000	0.305000	0.313149	
1000	0.310000	3.517826	1000	0.310000	0.310000	0.313142	
1000	0.303000	3.517826	1000	0.303000	0.303000	0.313119	
1000	0.297000	3.517826	1000	0.297000	0.297000	0.313083	
1000	0.317000	3.517826	1000	0.317000	0.317000	0.313092	
1000	0.324000	3.517826	1000	0.324000	0.324000	0.313116	
1000	0.309000	3.517826	1000	0.309000	0.309000	0.313107	
1000	0.317000	3.517826	1000	0.317000	0.317000	0.313116	
1000	0.344000	3.517826	1000	0.344000	0.344000	0.313183	
1000	0.313000	3.517826	1000	0.313000	0.313000	0.313183	
1000	0.363000	3.517826	1000	0.363000	0.363000	0.313291	
1000	0.271000	3.517826	1000	0.271000	0.271000	0.313199	
1000	0.343000	3.517826	1000	0.343000	0.343000	0.313264	
1000	0.333000	3.517826	1000	0.333000	0.333000	0.313307	
1000	0.321000	3.517826	1000	0.321000	0.321000	0.313323	
1000	0.353000	3.517826	1000	0.353000	0.353000	0.313409	
1000	0.311000	3.517826	1000	0.311000	0.311000	0.313404	
1000	0.287000	3.517826	1000	0.287000	0.287000	0.313347	
1000	0.294000	3.517826	1000	0.294000	0.294000	0.313306	
1000	0.303000	3.517826	1000	0.303000	0.303000	0.313284	
1000	0.308000	3.517826	1000	0.308000	0.308000	0.313272	
1000	0.291000	3.517826	1000	0.291000	0.291000	0.313225	
1000	0.323000	3.517826	1000	0.323000	0.323000	0.313246	
1000	0.287000	3.517826	1000	0.287000	0.287000	0.313190	
1000	0.317000	3.517826	1000	0.317000	0.317000	0.313198	
1000	0.344000	3.517826	1000	0.344000	0.344000	0.313263	
1000	0.316000	3.517826	1000	0.316000	0.316000	0.313269	
1000	0.342000	3.517826	1000	0.342000	0.342000	0.313329	
1000	0.285000	3.517826	1000	0.285000	0.285000	0.313270	
1000	0.323000	3.517826	1000	0.323000	0.323000	0.313290	
1000	0.308000	3.517826	1000	0.308000	0.308000	0.313279	
1000	0.327000	3.517826	1000	0.327000	0.327000	0.313308	
1000	0.355000	3.517826	1000	0.355000	0.355000	0.313394	
1000	0.343000	3.517826	1000	0.343000	0.343000	0.313456	
1000	0.329000	3.517826	1000	0.329000	0.329000	0.313488	
1000	0.316000	3.517826	1000	0.316000	0.316000	0.313493	
1000	0.342000	3.517826	1000	0.342000	0.342000	0.313552	
1000	0.314000	3.517826	1000	0.314000	0.314000	0.313553	
1000	0.314000	3.517826	1000	0.314000	0.314000	0.313554	
1000	0.325000	3.517826	1000	0.325000	0.325000	0.313577	
1000	0.300000	3.517826	1000	0.300000	0.300000	0.313549	
1000	0.334000	3.517826	1000	0.334000	0.334000	0.313591	
1000	0.286000	3.517826	1000	0.286000	0.286000	0.313535	
1000	0.289000	3.517826	1000	0.289000	0.289000	0.313485	
1000	0.324000	3.517826	1000	0.324000	0.324000	0.313506	
1000	0.312000	3.517826	1000	0.312000	0.312000	0.313503	
1000	0.310000	3.517826	1000	0.310000	0.310000	0.313496	
1000	0.305000	3.517826	1000	0.305000	0.305000	0.313479	
1000	0.367000	3.517826	1000	0.367000	0.367000	0.313587	
1000	0.315000	3.517826	1000	0.315000	0.315000	0.313590	
1000	0.329000	3.517826	1000	0.329000	0.329000	0.313621	
1000	0.361000	3.517826	1000	0.361000	0.361000	0.313715	
1000	0.309000	3.517826	1000	0.309000	0.309000	0.313706	
1000	0.302000	3.517826	1000	0.302000	0.302000	0.313683	
1000	0.299000	3.517826	1000	0.299000	0.299000	0.313653	
1000	0.346000	3.517826	1000	0.346000	0.346000	0.313718	
1000	0.311000	3.517826	1000	0.311000	0.311000	0.313712	
1000	0.324000	3.517826	1000	0.324000	0.324000	0.313733	
1000	0.316000	3.517826	1000	0.316000	0.316000	0.313737	
1000	0.286000	3.517826	1000	0.286000	0.286000	0.313682	
1000	0.311000	3.517826	1000	0.311000	0.311000	0.313677	
1000	0.315000	3.517826	1000	0.315000	0.315000	0.313680	
1000	0.326000	3.517826	1000	0.326000	0.326000	0.313704	
1000	0.270000	3.517826	1000	0.270000	0.270000	0.313619	
1000	0.298000	3.517826	1000	0.298000	0.298000	0.313588	
1000	0.323000	3.517826	1000	0.323000	0.323000	0.313606	
1000	0.310000	3.517826	1000	0.310000	0.310000	0.313599	
1000	0.317000	3.517826	1000	0.317000	0.317000	0.313606	
1000	0.288000	3.517826	1000	0.288000	0.288000	0.313556	
1000	0.336000	3.517826	1000	0.336000	0.336000	0.313600	
1000	0.301000	3.517826	1000	0.301000	0.301000	0.313576	
1000	0.325000	3.517826	1000	0.325000	0.325000	0.313597	
1000	0.282000	3.517826	1000	0.282000	0.282000	0.313537	
1000	0.347000	3.517826	1000	0.347000	0.347000	0.313601	
1000	0.295000	3.517826	1000	0.295000	0.295000	0.313565	
1000	0.339000	3.517826	1000	0.339000	0.339000	0.313614	
1000	0.321000	3.517826	1000	0.321000	0.321000	0.313628	
1000	0.302000	3.517826	1000	0.302000	0.302000	0.313606	
1000	0.308000	3.517826	1000	0.308000	0.308000	0.313595	
1000	0.311000	3.517826	1000	0.311000	0.311000	0.313590	
1000	0.330000	3.517826	1000	0.330000	0.330000	0.313621	
1000	0.316000	3.517826	1000	0.316000	0.316000	0.313626	
1000	0.328000	3.517826	1000	0.328000	0.328000	0.313653	
1000	0.320000	3.517826	1000	0.320000	0.320000	0.313665	
1000	0.334000	3.517826	1000	0.334000	0.334000	0.313703	
1000	0.307000	3.517826	1000	0.307000	0.307000	0.313690	
1000	0.310000	3.517826	1000	0.310000	0.310000	0.313684	
1000	0.277000	3.517826	1000	0.277000	0.277000	0.313615	
1000	0.331000	3.517826	1000	0.331000	0.331000	0.313647	
1000	0.322000	3.517826	1000	0.322000	0.322000	0.313663	
1000	0.317000	3.517826	1000	0.317000	0.317000	0.313669	
1000	0.343000	3.517826	1000	0.343000	0.343000	0.313723	
1000	0.319000	3.517826	1000	0.319000	0.319000	0.313733	
1000	0.291000	3.517826	1000	0.291000	0.291000	0.313691	
1000	0.292000	3.517826	1000	0.292000	0.292000	0.313651	
1000	0.316000	3.517826	1000	0.316000	0.316000	0.313656	
1000	0.322000	3.517826	1000	0.322000	0.322000	0.313671	
1000	0.292000	3.517826	1000	0.292000	0.292000	0.313631	
1000	0.319000	3.517826	1000	0.319000	0.319000	0.313641	
1000	0.321000	3.517826	1000	0.321000	0.321000	0.313655	
1000	0.306000	3.517826	1000	0.306000	0.306000	0.313641	
1000	0.336000	3.517826	1000	0.336000	0.336000	0.313681	
1000	0.341000	3.517826	1000	0.341000	0.341000	0.313731	
1000	0.316000	3.517826	1000	0.316000	0.316000	0.313735	
1000	0.311000	3.517826	1000	0.311000	0.311000	0.313730	
1000	0.294000	3.517826	1000	0.294000	0.294000	0.313694	
1000	0.341000	3.517826	1000	0.341000	0.341000	0.313744	
1000	0.309000	3.517826	1000	0.309000	0.309000	0.313735	
1000	0.327000	3.517826	1000	0.327000	0.327000	0.313759	
1000	0.257000	3.517826	1000	0.257000	0.257000	0.313657	
1000	0.330000	3.517826	1000	0.330000	0.330000	0.313686	
1000	0.285000	3.517826	1000	0.285000	0.285000	0.313635	
1000	0.319000	3.517826	1000	0.319000	0.319000	0.313645	
1000	0.301000	3.517826	1000	0.301000	0.301000	0.313622	
1000	0.309000	3.517826	1000	0.309000	0.309000	0.313614	
1000	0.303000	3.517826	1000	0.303000	0.303000	0.313595	
1000	0.306000	3.517826	1000	0.306000	0.306000	0.313582	
1000	0.306000	3.517826	1000	0.306000	0.306000	0.313568	
1000	0.346000	3.517826	1000	0.346000	0.346000	0.313626	
1000	0.337000	3.517826	1000	0.337000	0.337000	0.313667	
1000	0.312000	3.517826	1000	0.312000	0.312000	0.313664	
1000	0.319000	3.517826	1000	0.319000	0.319000	0.313673	
1000	0.326000	3.517826	1000	0.326000	0.326000	0.313695	
1000	0.301000	3.517826	1000	0.301000	0.301000	0.313673	
1000	0.309000	3.517826	1000	0.309000	0.309000	0.313664	
1000	0.331000	3.517826	1000	0.331000	0.331000	0.313695	
1000	0.306000	3.517826	1000	0.306000	0.306000	0.313681	
1000	0.269000	3.517826	1000	0.269000	0.269000	0.313604	
1000	0.315000	3.517826	1000	0.315000	0.315000	0.313606	
1000	0.314000	3.517826	1000	0.314000	0.314000	0.313607	
1000	0.295000	3.517826	1000	0.295000	0.295000	0.313575	
1000	0.322000	3.517826	1000	0.322000	0.322000	0.313589	
1000	0.326000	3.517826	1000	0.326000	0.326000	0.313610	
1000	0.345000	3.517826	1000	0.345000	0.345000	0.313664	
1000	0.316000	3.517826	1000	0.316000	0.316000	0.313668	
1000	0.321000	3.517826	1000	0.321000	0.321000	0.313681	
1000	0.315000	3.517826	1000	0.315000	0.315000	0.313683	
1000	0.328000	3.517826	1000	0.328000	0.328000	0.313708	
1000	0.316000	3.517826	1000	0.316000	0.316000	0.313712	
1000	0.295000	3.517826	1000	0.295000	0.295000	0.313680	
1000	0.288000	3.517826	1000	0.288000	0.288000	0.313636	
1000	0.305000	3.517826	1000	0.305000	0.305000	0.313622	
1000	0.311000	3.517826	1000	0.311000	0.311000	0.313617	
1000	0.300000	3.517826	1000	0.300000	0.300000	0.313594	
1000	0.328000	3.517826	1000	0.328000	0.328000	0.313618	
1000	0.309000	3.517826	1000	0.309000	0.309000	0.313611	
1000	0.324000	3.517826	1000	0.324000	0.324000	0.313628	
1000	0.332000	3.517826	1000	0.332000	0.332000	0.313659	
1000	0.324000	3.517826	1000	0.324000	0.324000	0.313676	
1000	0.265000	3.517826	1000	0.265000	0.265000	0.313595	
1000	0.295000	3.517826	1000	0.295000	0.295000	0.313564	
1000	0.334000	3.517826	1000	0.334000	0.334000	0.313598	
1000	0.292000	3.517826	1000	0.292000	0.292000	0.313562	
1000	0.337000	3.517826	1000	0.337000	0.337000	0.313601	
1000	0.296000	3.517826	1000	0.296000	0.296000	0.313572	
1000	0.278000	3.517826	1000	0.278000	0.278000	0.313513	
1000	0.295000	3.517826	1000	0.295000	0.295000	0.313482	
1000	0.316000	3.517826	1000	0.316000	0.316000	0.313486	
1000	0.289000	3.517826	1000	0.289000	0.289000	0.313446	
1000	0.280000	3.517826	1000	0.280000	0.280000	0.313391	
1000	0.337000	3.517826	1000	0.337000	0.337000	0.313430	
1000	0.269000	3.517826	1000	0.269000	0.269000	0.313357	
1000	0.317000	3.517826	1000	0.317000	0.317000	0.313363	
1000	0.336000	3.517826	1000	0.336000	0.336000	0.313400	
1000	0.344000	3.517826	1000	0.344000	0.344000	0.313450	
1000	0.344000	3.517826	1000	0.344000	0.344000	0.313499	
1000	0.328000	3.517826	1000	0.328000	0.328000	0.313523	
1000	0.314000	3.517826	1000	0.314000	0.314000	0.313524	
1000	0.324000	3.517826	1000	0.324000	0.324000	0.313541	
1000	0.291000	3.517826	1000	0.291000	0.291000	0.313504	
1000	0.308000	3.517826	1000	0.308000	0.308000	0.313495	
1000	0.325000	3.517826	1000	0.325000	0.325000	0.313514	
1000	0.296000	3.517826	1000	0.296000	0.296000	0.313486	
1000	0.287000	3.517826	1000	0.287000	0.287000	0.313443	
1000	0.308000	3.517826	1000	0.308000	0.308000	0.313434	
1000	0.266000	3.517826	1000	0.266000	0.266000	0.313358	
1000	0.281000	3.517826	1000	0.281000	0.281000	0.313307	
1000	0.317000	3.517826	1000	0.317000	0.317000	0.313313	
1000	0.321000	3.517826	1000	0.321000	0.321000	0.313325	
1000	0.335000	3.517826	1000	0.335000	0.335000	0.313359	
1000	0.296000	3.517826	1000	0.296000	0.296000	0.313332	
1000	0.275000	3.517826	1000	0.275000	0.275000	0.313271	
1000	0.300000	3.517826	1000	0.300000	0.300000	0.313250	
1000	0.260000	3.517826	1000	0.260000	0.260000	0.313166	
1000	0.291000	3.517826	1000	0.291000	0.291000	0.313131	
1000	0.285000	3.517826	1000	0.285000	0.285000	0.313086	
1000	0.313000	3.517826	1000	0.313000	0.313000	0.313086	
1000	0.329000	3.517826	1000	0.329000	0.329000	0.313111	
1000	0.290000	3.517826	1000	0.290000	0.290000	0.313075	
1000	0.338000	3.517826	1000	0.338000	0.338000	0.313114	
1000	0.370000	3.517826	1000	0.370000	0.370000	0.313203	
1000	0.335000	3.517826	1000	0.335000	0.335000	0.313237	
1000	0.320000	3.517826	1000	0.320000	0.320000	0.313248	
1000	0.311000	3.517826	1000	0.311000	0.311000	0.313244	
1000	0.295000	3.517826	1000	0.295000	0.295000	0.313216	
1000	0.289000	3.517826	1000	0.289000	0.289000	0.313178	
1000	0.312000	3.517826	1000	0.312000	0.312000	0.313176	
1000	0.318000	3.517826	1000	0.318000	0.318000	0.313184	
1000	0.326000	3.517826	1000	0.326000	0.326000	0.313204	
1000	0.319000	3.517826	1000	0.319000	0.319000	0.313212	
1000	0.304000	3.517826	1000	0.304000	0.304000	0.313198	
1000	0.304000	3.517826	1000	0.304000	0.304000	0.313184	
1000	0.307000	3.517826	1000	0.307000	0.307000	0.313175	
1000	0.290000	3.517826	1000	0.290000	0.290000	0.313139	
1000	0.305000	3.517826	1000	0.305000	0.305000	0.313127	
1000	0.350000	3.517826	1000	0.350000	0.350000	0.313183	
1000	0.310000	3.517826	1000	0.310000	0.310000	0.313178	
1000	0.306000	3.517826	1000	0.306000	0.306000	0.313167	
1000	0.291000	3.517826	1000	0.291000	0.291000	0.313133	
1000	0.337000	3.517826	1000	0.337000	0.337000	0.313170	
1000	0.301000	3.517826	1000	0.301000	0.301000	0.313151	
1000	0.326000	3.517826	1000	0.326000	0.326000	0.313171	
1000	0.320000	3.517826	1000	0.320000	0.320000	0.313181	
1000	0.335000	3.517826	1000	0.335000	0.335000	0.313214	
1000	0.284000	3.517826	1000	0.284000	0.284000	0.313170	
1000	0.267000	3.517826	1000	0.267000	0.267000	0.313100	
1000	0.299000	3.517826	1000	0.299000	0.299000	0.313079	
1000	0.296000	3.517826	1000	0.296000	0.296000	0.313054	
1000	0.299000	3.517826	1000	0.299000	0.299000	0.313033	
1000	0.353000	3.517826	1000	0.353000	0.353000	0.313092	
1000	0.320000	3.517826	1000	0.320000	0.320000	0.313103	
1000	0.337000	3.517826	1000	0.337000	0.337000	0.313138	
1000	0.296000	3.517826	1000	0.296000	0.296000	0.313113	
1000	0.292000	3.517826	1000	0.292000	0.292000	0.313081	
1000	0.340000	3.517826	1000	0.340000	0.340000	0.313121	
1000	0.275000	3.517826	1000	0.275000	0.275000	0.313065	
1000	0.307000	3.517826	1000	0.307000	0.307000	0.313056	
1000	0.291000	3.517826	1000	0.291000	0.291000	0.313023	
1000	0.298000	3.517826	1000	0.298000	0.298000	0.313001	
1000	0.332000	3.517826	1000	0.332000	0.332000	0.313029	
1000	0.304000	3.517826	1000	0.304000	0.304000	0.313016	
1000	0.290000	3.517826	1000	0.290000	0.290000	0.312982	
1000	0.271000	3.517826	1000	0.271000	0.271000	0.312920	
1000	0.333000	3.517826	1000	0.333000	0.333000	0.312950	
1000	0.314000	3.517826	1000	0.314000	0.314000	0.312951	
1000	0.339000	3.517826	1000	0.339000	0.339000	0.312989	
1000	0.277000	3.517826	1000	0.277000	0.277000	0.312937	
1000	0.287000	3.517826	1000	0.287000	0.287000	0.312899	
1000	0.276000	3.517826	1000	0.276000	0.276000	0.312845	
1000	0.255000	3.517826	1000	0.255000	0.255000	0.312761	
1000	0.298000	3.517826	1000	0.298000	0.298000	0.312740	
1000	0.289000	3.517826	1000	0.289000	0.289000	0.312705	
1000	0.286000	3.517826	1000	0.286000	0.286000	0.312667	
1000	0.327000	3.517826	1000	0.327000	0.327000	0.312687	
1000	0.255000	3.517826	1000	0.255000	0.255000	0.312604	
1000	0.268000	3.517826	1000	0.268000	0.268000	0.312540	
1000	0.297000	3.517826	1000	0.297000	0.297000	0.312518	
1000	0.290000	3.517826	1000	0.290000	0.290000	0.312485	
1000	0.303000	3.517826	1000	0.303000	0.303000	0.312472	
1000	0.330000	3.517826	1000	0.330000	0.330000	0.312497	
1000	0.268000	3.517826	1000	0.268000	0.268000	0.312433	
1000	0.306000	3.517826	1000	0.306000	0.306000	0.312424	
1000	0.321000	3.517826	1000	0.321000	0.321000	0.312436	
1000	0.316000	3.517826	1000	0.316000	0.316000	0.312441	
1000	0.306000	3.517826	1000	0.306000	0.306000	0.312432	
1000	0.314000	3.517826	1000	0.314000	0.314000	0.312434	
1000	0.347000	3.517826	1000	0.347000	0.347000	0.312483	
1000	0.327000	3.517826	1000	0.327000	0.327000	0.312504	
1000	0.290000	3.517826	1000	0.290000	0.290000	0.312472	
1000	0.267000	3.517826	1000	0.267000	0.267000	0.312408	
1000	0.278000	3.517826	1000	0.278000	0.278000	0.312359	
1000	0.321000	3.517826	1000	0.321000	0.321000	0.312371	
1000	0.348000	3.517826	1000	0.348000	0.348000	0.312422	
1000	0.328000	3.517826	1000	0.328000	0.328000	0.312443	
1000	0.328000	3.517826	1000	0.328000	0.328000	0.312465	
1000	0.325000	3.517826	1000	0.325000	0.325000	0.312483	
1000	0.345000	3.517826	1000	0.345000	0.345000	0.312528	
1000	0.268000	3.517826	1000	0.268000	0.268000	0.312466	
1000	0.299000	3.517826	1000	0.299000	0.299000	0.312447	
1000	0.303000	3.517826	1000	0.303000	0.303000	0.312434	
1000	0.309000	3.517826	1000	0.309000	0.309000	0.312429	
1000	0.332000	3.517826	1000	0.332000	0.332000	0.312457	
1000	0.303000	3.517826	1000	0.303000	0.303000	0.312443	
1000	0.309000	3.517826	1000	0.309000	0.309000	0.312439	
1000	0.313000	3.517826	1000	0.313000	0.313000	0.312439	
1000	0.348000	3.517826	1000	0.348000	0.348000	0.312489	
1000	0.296000	3.517826	1000	0.296000	0.296000	0.312466	
1000	0.316000	3.517826	1000	0.316000	0.316000	0.312471	
1000	0.297000	3.517826	1000	0.297000	0.297000	0.312449	
1000	0.329000	3.517826	1000	0.329000	0.329000	0.312472	
1000	0.312000	3.517826	1000	0.312000	0.312000	0.312471	
1000	0.337000	3.517826	1000	0.337000	0.337000	0.312505	
1000	0.305000	3.517826	1000	0.305000	0.305000	0.312495	
1000	0.350000	3.517826	1000	0.350000	0.350000	0.312546	
1000	0.287000	3.517826	1000	0.287000	0.287000	0.312511	
1000	0.297000	3.517826	1000	0.297000	0.297000	0.312490	
1000	0.329000	3.517826	1000	0.329000	0.329000	0.312512	
1000	0.358000	3.517826	1000	0.358000	0.358000	0.312574	
1000	0.307000	3.517826	1000	0.307000	0.307000	0.312567	
1000	0.320000	3.517826	1000	0.320000	0.320000	0.312577	
1000	0.311000	3.517826	1000	0.311000	0.311000	0.312575	
1000	0.290000	3.517826	1000	0.290000	0.290000	0.312544	
1000	0.333000	3.517826	1000	0.333000	0.333000	0.312572	
1000	0.312000	3.517826	1000	0.312000	0.312000	0.312571	
1000	0.299000	3.517826	1000	0.299000	0.299000	0.312553	
1000	0.339000	3.517826	1000	0.339000	0.339000	0.312588	
1000	0.316000	3.517826	1000	0.316000	0.316000	0.312593	
1000	0.343000	3.517826	1000	0.343000	0.343000	0.312634	
1000	0.288000	3.517826	1000	0.288000	0.288000	0.312601	
1000	0.300000	3.517826	1000	0.300000	0.300000	0.312584	
1000	0.318000	3.517826	1000	0.318000	0.318000	0.312591	
1000	0.295000	3.517826	1000	0.295000	0.295000	0.312568	
1000	0.330000	3.517826	1000	0.330000	0.330000	0.312591	
1000	0.267000	3.517826	1000	0.267000	0.267000	0.312530	
1000	0.298000	3.517826	1000	0.298000	0.298000	0.312511	
1000	0.328000	3.517826	1000	0.328000	0.328000	0.312531	
1000	0.305000	3.517826	1000	0.305000	0.305000	0.312521	
1000	0.354000	3.517826	1000	0.354000	0.354000	0.312576	
1000	0.265000	3.517826	1000	0.265000	0.265000	0.312513	
1000	0.316000	3.517826	1000	0.316000	0.316000	0.312518	
1000	0.299000	3.517826	1000	0.299000	0.299000	0.312500	
1000	0.324000	3.517826	1000	0.324000	0.324000	0.312515	
1000	0.321000	3.517826	1000	0.321000	0.321000	0.312527	
1000	0.307000	3.517826	1000	0.307000	0.307000	0.312519	
1000	0.308000	3.517826	1000	0.308000	0.308000	0.312513	
1000	0.292000	3.517826	1000	0.292000	0.292000	0.312487	
1000	0.320000	3.517826	1000	0.320000	0.320000	0.312496	
1000	0.284000	3.517826	1000	0.284000	0.284000	0.312459	
1000	0.317000	3.517826	1000	0.317000	0.317000	0.312465	
1000	0.311000	3.517826	1000	0.311000	0.311000	0.312463	
1000	0.355000	3.517826	1000	0.355000	0.355000	0.312518	
1000	0.285000	3.517826	1000	0.285000	0.285000	0.312483	
1000	0.350000	3.517826	1000	0.350000	0.350000	0.312531	
1000	0.320000	3.517826	1000	0.320000	0.320000	0.312541	
1000	0.323000	3.517826	1000	0.323000	0.323000	0.312555	
1000	0.331000	3.517826	1000	0.331000	0.331000	0.312578	
1000	0.317000	3.517826	1000	0.317000	0.317000	0.312584	
1000	0.305000	3.517826	1000	0.305000	0.305000	0.312574	
1000	0.280000	3.517826	1000	0.280000	0.280000	0.312532	
1000	0.377000	3.517826	1000	0.377000	0.377000	0.312615	
1000	0.285000	3.517826	1000	0.285000	0.285000	0.312580	
1000	0.303000	3.517826	1000	0.303000	0.303000	0.312568	
1000	0.321000	3.517826	1000	0.321000	0.321000	0.312578	
1000	0.316000	3.517826	1000	0.316000	0.316000	0.312583	
1000	0.340000	3.517826	1000	0.340000	0.340000	0.312618	
1000	0.293000	3.517826	1000	0.293000	0.293000	0.312593	
1000	0.332000	3.517826	1000	0.332000	0.332000	0.312617	
1000	0.331000	3.517826	1000	0.331000	0.331000	0.312641	
1000	0.271000	3.517826	1000	0.271000	0.271000	0.312588	
1000	0.321000	3.517826	1000	0.321000	0.321000	0.312599	
1000	0.330000	3.517826	1000	0.330000	0.330000	0.312621	
1000	0.328000	3.517826	1000	0.328000	0.328000	0.312640	
1000	0.301000	3.517826	1000	0.301000	0.301000	0.312625	
1000	0.289000	3.517826	1000	0.289000	0.289000	0.312596	
1000	0.284000	3.517826	1000	0.284000	0.284000	0.312560	
1000	0.335000	3.517826	1000	0.335000	0.335000	0.312588	
1000	0.301000	3.517826	1000	0.301000	0.301000	0.312573	
1000	0.283000	3.517826	1000	0.283000	0.283000	0.312536	
1000	0.311000	3.517826	1000	0.311000	0.311000	0.312534	
1000	0.313000	3.517826	1000	0.313000	0.313000	0.312535	
1000	0.290000	3.517826	1000	0.290000	0.290000	0.312506	
1000	0.309000	3.517826	1000	0.309000	0.309000	0.312502	
1000	0.280000	3.517826	1000	0.280000	0.280000	0.312462	
1000	0.322000	3.517826	1000	0.322000	0.322000	0.312473	
1000	0.304000	3.517826	1000	0.304000	0.304000	0.312463	
1000	0.276000	3.517826	1000	0.276000	0.276000	0.312418	
1000	0.322000	3.517826	1000	0.322000	0.322000	0.312429	
1000	0.307000	3.517826	1000	0.307000	0.307000	0.312423	
1000	0.285000	3.517826	1000	0.285000	0.285000	0.312389	
1000	0.278000	3.517826	1000	0.278000	0.278000	0.312346	
1000	0.326000	3.517826	1000	0.326000	0.326000	0.312363	
1000	0.307000	3.517826	1000	0.307000	0.307000	0.312356	
1000	0.320000	3.517826	1000	0.320000	0.320000	0.312366	
1000	0.250000	3.517826	1000	0.250000	0.250000	0.312289	
1000	0.363000	3.517826	1000	0.363000	0.363000	0.312351	
1000	0.356000	3.517826	1000	0.356000	0.356000	0.312405	
1000	0.307000	3.517826	1000	0.307000	0.307000	0.312398	
1000	0.293000	3.517826	1000	0.293000	0.293000	0.312375	
1000	0.333000	3.517826	1000	0.333000	0.333000	0.312400	
1000	0.328000	3.517826	1000	0.328000	0.328000	0.312419	
1000	0.282000	3.517826	1000	0.282000	0.282000	0.312382	
1000	0.323000	3.517826	1000	0.323000	0.323000	0.312395	
1000	0.296000	3.517826	1000	0.296000	0.296000	0.312375	
1000	0.321000	3.517826	1000	0.321000	0.321000	0.312385	
1000	0.301000	3.517826	1000	0.301000	0.301000	0.312371	
1000	0.323000	3.517826	1000	0.323000	0.323000	0.312384	
1000	0.324000	3.517826	1000	0.324000	0.324000	0.312398	
1000	0.288000	3.517826	1000	0.288000	0.288000	0.312369	
1000	0.296000	3.517826	1000	0.296000	0.296000	0.312349	
1000	0.284000	3.517826	1000	0.284000	0.284000	0.312315	
1000	0.310000	3.517826	1000	0.310000	0.310000	0.312312	
1000	0.305000	3.517826	1000	0.305000	0.305000	0.312303	
1000	0.272000	3.517826	1000	0.272000	0.272000	0.312255	
1000	0.309000	3.517826	1000	0.309000	0.309000	0.312251	
1000	0.299000	3.517826	1000	0.299000	0.299000	0.312235	
1000	0.296000	3.517826	1000	0.296000	0.296000	0.312215	
1000	0.309000	3.517826	1000	0.309000	0.309000	0.312212	
1000	0.345000	3.517826	1000	0.345000	0.345000	0.312251	
1000	0.302000	3.517826	1000	0.302000	0.302000	0.312239	
1000	0.319000	3.517826	1000	0.319000	0.319000	0.312247	
1000	0.348000	3.517826	1000	0.348000	0.348000	0.312289	
1000	0.291000	3.517826	1000	0.291000	0.291000	0.312264	
1000	0.310000	3.517826	1000	0.310000	0.310000	0.312261	
1000	0.341000	3.517826	1000	0.341000	0.341000	0.312295	
1000	0.302000	3.517826	1000	0.302000	0.302000	0.312283	
1000	0.304000	3.517826	1000	0.304000	0.304000	0.312273	
1000	0.335000	3.517826	1000	0.335000	0.335000	0.312300	
1000	0.312000	3.517826	1000	0.312000	0.312000	0.312300	
1000	0.289000	3.517826	1000	0.289000	0.289000	0.312272	
1000	0.302000	3.517826	1000	0.302000	0.302000	0.312260	
1000	0.314000	3.517826	1000	0.314000	0.314000	0.312262	
1000	0.313000	3.517826	1000	0.313000	0.313000	0.312263	
1000	0.298000	3.517826	1000	0.298000	0.298000	0.312246	
1000	0.360000	3.517826	1000	0.360000	0.360000	0.312302	
1000	0.316000	3.517826	1000	0.316000	0.316000	0.312307	
1000	0.290000	3.517826	1000	0.290000	0.290000	0.312281	
1000	0.312000	3.517826	1000	0.312000	0.312000	0.312280	
1000	0.302000	3.517826	1000	0.302000	0.302000	0.312268	
1000	0.314000	3.517826	1000	0.314000	0.314000	0.312270	
1000	0.315000	3.517826	1000	0.315000	0.315000	0.312274	
1000	0.314000	3.517826	1000	0.314000	0.314000	0.312276	
1000	0.299000	3.517826	1000	0.299000	0.299000	0.312260	
1000	0.319000	3.517826	1000	0.319000	0.319000	0.312268	
1000	0.332000	3.517826	1000	0.332000	0.332000	0.312291	
1000	0.330000	3.517826	1000	0.330000	0.330000	0.312311	
1000	0.344000	3.517826	1000	0.344000	0.344000	0.312348	
1000	0.317000	3.517826	1000	0.317000	0.317000	0.312353	
1000	0.295000	3.517826	1000	0.295000	0.295000	0.312333	
1000	0.331000	3.517826	1000	0.331000	0.331000	0.312355	
1000	0.331000	3.517826	1000	0.331000	0.331000	0.312376	
1000	0.318000	3.517826	1000	0.318000	0.318000	0.312383	
1000	0.318000	3.517826	1000	0.318000	0.318000	0.312389	
1000	0.311000	3.517826	1000	0.311000	0.311000	0.312388	
1000	0.326000	3.517826	1000	0.326000	0.326000	0.312403	
1000	0.318000	3.517826	1000	0.318000	0.318000	0.312410	
1000	0.300000	3.517826	1000	0.300000	0.300000	0.312396	
1000	0.312000	3.517826	1000	0.312000	0.312000	0.312395	
1000	0.304000	3.517826	1000	0.304000	0.304000	0.312385	
1000	0.328000	3.517826	1000	0.328000	0.328000	0.312403	
1000	0.267000	3.517826	1000	0.267000	0.267000	0.312352	
1000	0.310000	3.517826	1000	0.310000	0.310000	0.312349	
1000	0.309000	3.517826	1000	0.309000	0.309000	0.312345	
1000	0.327000	3.517826	1000	0.327000	0.327000	0.312362	
1000	0.297000	3.517826	1000	0.297000	0.297000	0.312344	
1000	0.360000	3.517826	1000	0.360000	0.360000	0.312398	
1000	0.344000	3.517826	1000	0.344000	0.344000	0.312434	
1000	0.316000	3.517826	1000	0.316000	0.316000	0.312438	
1000	0.313000	3.517826	1000	0.313000	0.313000	0.312439	
1000	0.283000	3.517826	1000	0.283000	0.283000	0.312406	
1000	0.303000	3.517826	1000	0.303000	0.303000	0.312395	
1000	0.317000	3.517826	1000	0.317000	0.317000	0.312400	
1000	0.344000	3.517826	1000	0.344000	0.344000	0.312436	
1000	0.298000	3.517826	1000	0.298000	0.298000	0.312419	
1000	0.305000	3.517826	1000	0.305000	0.305000	0.312411	
1000	0.339000	3.517826	1000	0.339000	0.339000	0.312441	
1000	0.311000	3.517826	1000	0.311000	0.311000	0.312439	
1000	0.310000	3.517826	1000	0.310000	0.310000	0.312437	
1000	0.294000	3.517826	1000	0.294000	0.294000	0.312416	
1000	0.267000	3.517826	1000	0.267000	0.267000	0.312365	
1000	0.316000	3.517826	1000	0.316000	0.316000	0.312369	
1000	0.338000	3.517826	1000	0.338000	0.338000	0.312398	
1000	0.323000	3.517826	1000	0.323000	0.323000	0.312410	
1000	0.300000	3.517826	1000	0.300000	0.300000	0.312396	
1000	0.323000	3.517826	1000	0.323000	0.323000	0.312408	
1000	0.332000	3.517826	1000	0.332000	0.332000	0.312429	
1000	0.320000	3.517826	1000	0.320000	0.320000	0.312438	
1000	0.322000	3.517826	1000	0.322000	0.322000	0.312448	
1000	0.312000	3.517826	1000	0.312000	0.312000	0.312448	
1000	0.341000	3.517826	1000	0.341000	0.341000	0.312479	
1000	0.301000	3.517826	1000	0.301000	0.301000	0.312467	
1000	0.303000	3.517826	1000	0.303000	0.303000	0.312456	
1000	0.324000	3.517826	1000	0.324000	0.324000	0.312469	
1000	0.317000	3.517826	1000	0.317000	0.317000	0.312474	
1000	0.319000	3.517826	1000	0.319000	0.319000	0.312481	
1000	0.292000	3.517826	1000	0.292000	0.292000	0.312459	
1000	0.312000	3.517826	1000	0.312000	0.312000	0.312458	
1000	0.308000	3.517826	1000	0.308000	0.308000	0.312453	
1000	0.324000	3.517826	1000	0.324000	0.324000	0.312466	
1000	0.311000	3.517826	1000	0.311000	0.311000	0.312464	
1000	0.331000	3.517826	1000	0.331000	0.331000	0.312484	
1000	0.289000	3.517826	1000	0.289000	0.289000	0.312459	
1000	0.297000	3.517826	1000	0.297000	0.297000	0.312442	
1000	0.330000	3.517826	1000	0.330000	0.330000	0.312461	
1000	0.314000	3.517826	1000	0.314000	0.314000	0.312463	
1000	0.314000	3.517826	1000	0.314000	0.314000	0.312464	
1000	0.325000	3.517826	1000	0.325000	0.325000	0.312478	
1000	0.308000	3.517826	1000	0.308000	0.308000	0.312473	
1000	0.323000	3.517826	1000	0.323000	0.323000	0.312485	
1000	0.322000	3.517826	1000	0.322000	0.322000	0.312495	
1000	0.318000	3.517826	1000	0.318000	0.318000	0.312501	
1000	0.310000	3.517826	1000	0.310000	0.310000	0.312498	
1000	0.307000	3.517826	1000	0.307000	0.307000	0.312492	
1000	0.304000	3.517826	1000	0.304000	0.304000	0.312483	
1000	0.329000	3.517826	1000	0.329000	0.329000	0.312501	
1000	0.325000	3.517826	1000	0.325000	0.325000	0.312514	
1000	0.315000	3.517826	1000	0.315000	0.315000	0.312517	
1000	0.304000	3.517826	1000	0.304000	0.304000	0.312508	
1000	0.320000	3.517826	1000	0.320000	0.320000	0.312516	
1000	0.330000	3.517826	1000	0.330000	0.330000	0.312534	
1000	0.285000	3.517826	1000	0.285000	0.285000	0.312505	
1000	0.274000	3.517826	1000	0.274000	0.274000	0.312464	
1000	0.330000	3.517826	1000	0.330000	0.330000	0.312483	
1000	0.294000	3.517826	1000	0.294000	0.294000	0.312463	
1000	0.286000	3.517826	1000	0.286000	0.286000	0.312435	
1000	0.308000	3.517826	1000	0.308000	0.308000	0.312430	
1000	0.316000	3.517826	1000	0.316000	0.316000	0.312434	
1000	0.291000	3.517826	1000	0.291000	0.291000	0.312411	
1000	0.321000	3.517826	1000	0.321000	0.321000	0.312420	
1000	0.306000	3.517826	1000	0.306000	0.306000	0.312414	
1000	0.328000	3.517826	1000	0.328000	0.328000	0.312430	
1000	0.337000	3.517826	1000	0.337000	0.337000	0.312456	
1000	0.310000	3.517826	1000	0.310000	0.310000	0.312453	
1000	0.323000	3.517826	1000	0.323000	0.323000	0.312464	
1000	0.304000	3.517826	1000	0.304000	0.304000	0.312456	
1000	0.326000	3.517826	1000	0.326000	0.326000	0.312470	
1000	0.286000	3.517826	1000	0.286000	0.286000	0.312442	
1000	0.295000	3.517826	1000	0.295000	0.295000	0.312424	
1000	0.359000	3.517826	1000	0.359000	0.359000	0.312472	
1000	0.308000	3.517826	1000	0.308000	0.308000	0.312468	
1000	0.288000	3.517826	1000	0.288000	0.288000	0.312442	
1000	0.294000	3.517826	1000	0.294000	0.294000	0.312423	
1000	0.315000	3.517826	1000	0.315000	0.315000	0.312426	
1000	0.322000	3.517826	1000	0.322000	0.322000	0.312436	
1000	0.328000	3.517826	1000	0.328000	0.328000	0.312452	
1000	0.308000	3.517826	1000	0.308000	0.308000	0.312447	
1000	0.305000	3.517826	1000	0.305000	0.305000	0.312440	
1000	0.287000	3.517826	1000	0.287000	0.287000	0.312413	
1000	0.287000	3.517826	1000	0.287000	0.287000	0.312387	
1000	0.346000	3.517826	1000	0.346000	0.346000	0.312422	
1000	0.303000	3.517826	1000	0.303000	0.303000	0.312412	
1000	0.314000	3.517826	1000	0.314000	0.314000	0.312414	
1000	0.327000	3.517826	1000	0.327000	0.327000	0.312429	
1000	0.321000	3.517826	1000	0.321000	0.321000	0.312437	
1000	0.298000	3.517826	1000	0.298000	0.298000	0.312423	
1000	0.295000	3.517826	1000	0.295000	0.295000	0.312405	
1000	0.270000	3.517826	1000	0.270000	0.270000	0.312361	
1000	0.311000	3.517826	1000	0.311000	0.311000	0.312360	
1000	0.297000	3.517826	1000	0.297000	0.297000	0.312344	
1000	0.339000	3.517826	1000	0.339000	0.339000	0.312371	
1000	0.278000	3.517826	1000	0.278000	0.278000	0.312336	
1000	0.290000	3.517826	1000	0.290000	0.290000	0.312313	
1000	0.298000	3.517826	1000	0.298000	0.298000	0.312299	
1000	0.298000	3.517826	1000	0.298000	0.298000	0.312284	
1000	0.305000	3.517826	1000	0.305000	0.305000	0.312277	
1000	0.295000	3.517826	1000	0.295000	0.295000	0.312259	
1000	0.320000	3.517826	1000	0.320000	0.320000	0.312267	
1000	0.275000	3.517826	1000	0.275000	0.275000	0.312229	
1000	0.305000	3.517826	1000	0.305000	0.305000	0.312222	
1000	0.331000	3.517826	1000	0.331000	0.331000	0.312241	
1000	0.326000	3.517826	1000	0.326000	0.326000	0.312255	
1000	0.305000	3.517826	1000	0.305000	0.305000	0.312247	
1000	0.320000	3.517826	1000	0.320000	0.320000	0.312255	
1000	0.326000	3.517826	1000	0.326000	0.326000	0.312269	
1000	0.287000	3.517826	1000	0.287000	0.287000	0.312244	
1000	0.304000	3.517826	1000	0.304000	0.304000	0.312235	
1000	0.316000	3.517826	1000	0.316000	0.316000	0.312239	
1000	0.309000	3.517826	1000	0.309000	0.309000	0.312236	
1000	0.309000	3.517826	1000	0.309000	0.309000	0.312233	
1000	0.301000	3.517826	1000	0.301000	0.301000	0.312221	
1000	0.298000	3.517826	1000	0.298000	0.298000	0.312207	
1000	0.319000	3.517826	1000	0.319000	0.319000	0.312214	
1000	0.353000	3.517826	1000	0.353000	0.353000	0.312255	
1000	0.308000	3.517826	1000	0.308000	0.308000	0.312250	
1000	0.304000	3.517826	1000	0.304000	0.304000	0.312242	
1000	0.300000	3.517826	1000	0.300000	0.300000	0.312230	
1000	0.374000	3.517826	1000	0.374000	0.374000	0.312292	
1000	0.336000	3.517826	1000	0.336000	0.336000	0.312315	
1000	0.288000	3.517826	1000	0.288000	0.288000	0.312291	
1000	0.314000	3.517826	1000	0.314000	0.314000	0.312293	
1000	0.330000	3.517826	1000	0.330000	0.330000	0.312310	
1000	0.319000	3.517826	1000	0.319000	0.319000	0.312317	
1000	0.316000	3.517826	1000	0.316000	0.316000	0.312320	
